  SN    Year MoDaHrMnSecs    Lat      Lon    Dep    MMf  sd2   n2  nMw  
295359. 2015 0128155436.49  34.3540  25.1060  20    5.2 0.063  11   5   
298332. 2015 0416180743.92  35.1740  26.8540  24    6.1 0.065   9   6   
298344. 2015 0416190214.02  35.0490  26.8740  20    5.0 0.064  11   5   
298403. 2015 0417020541.93  35.0250  26.7740  25    5.5 0.063  11   7   
300779. 2015 0609010903.20  38.6120  23.3930  13    5.3 0.065  10   5   
300868. 2015 0609214948.81  35.0790  26.7270  27    5.4 0.066  10   6   
305395. 2015 1006212732.15  36.0920  29.9370  25    5.2 0.067  10   4   
306888. 2015 1117071008.36  38.7370  20.5760  10    6.4 0.068   7   5   
306904. 2015 1117083342.19  38.6940  20.6210  15    5.2 0.064  10   4   
307186. 2015 1118121539.07  38.8830  20.6130  13    5.1 0.064  10   6   
309445. 2015 1226110051.75  35.4300  27.4160  35    5.2 0.067  10   7   
311063. 2016 0215185500.60  37.5330  21.7840  17    5.3 0.064  10   6   
312778. 2016 0329010531.31  37.4880  20.2600  17    5.3 0.066   9   5   
314836. 2016 0525083615.67  34.9920  26.2730  25    5.4 0.062  12   6   
316967. 2016 0730172623.87  35.2850  23.0040  33    5.2 0.067   9   3   
318256. 2016 0911131008.35  42.0050  21.5020  15    5.1 0.074   7   4   
319661. 2016 1015201449.60  39.7360  20.7270  25    5.5 0.064  10   6   
319708. 2016 1016004115.89  39.7340  20.6520  24    5.1 0.064  10   4   
319724. 2016 1016022104.56  39.7430  20.6400  31    5.0 0.064  10   4   
323848. 2017 0206035141.10  39.5390  26.1340  13    5.3 0.066   9   8   
323993. 2017 0206105803.09  39.5110  26.1490  17    5.2 0.063  10   8   
324248. 2017 0207022404.46  39.4810  26.1630  14    5.3 0.063  10   7   
325204. 2017 0212134817.09  39.5190  26.1330  15    5.3 0.065  10   6   
328068. 2017 0408135302.68  41.7730  20.0300  20    5.0 0.063  10   4   
328260. 2017 0413162216.65  37.0750  28.6920  12    5.0 0.070   8   6   
328628. 2017 0421130922.23  38.8050  29.0910  14    5.0 0.065  10   4   
328640. 2017 0421141222.29  38.6290  27.6970  15    5.1 0.068   8   4   
329772. 2017 0517113034.08  35.9810  27.5020  22    5.0 0.064  10   6   
330094. 2017 0527155324.62  38.7390  27.8650  14    5.2 0.063  10   7   
330785. 2017 0612122838.89  38.8630  26.3650  15    6.4 0.065   8   8   
331604. 2017 0617195005.80  38.8510  26.4990  15    5.3 0.063  10   7   
332016. 2017 0622024853.32  38.7970  26.5220  12    5.0 0.067   9   7   
332671. 2017 0703111819.79  41.1670  20.8860  10    5.0 0.064  10   6   
333427. 2017 0715203017.41  34.8910  25.4880   9    5.4 0.066   9   6   
333658. 2017 0720223111.95  36.9970  27.4760  14    6.6 0.068   7   7   
335683. 2017 0731212913.52  34.4250  24.1320  29    5.3 0.067   9   3   
336306. 2017 0808074222.84  36.9670  27.6390  18    5.3 0.063  10   7   
336802. 2017 0813111653.54  37.0540  27.7680  11    5.0 0.067   9   7   
339503. 2017 1011224944.88  39.1130  24.2730  12    5.1 0.065  10   6   
340736. 2017 1122202253.45  37.0690  28.6370   7    5.1 0.063  10   6   
340843. 2017 1124214916.48  37.0850  28.6700  14    5.3 0.066   9   5   
341972. 2018 0104104611.65  42.6480  19.8700  13    5.1 0.066   9   4   
345300. 2018 0516223003.24  36.4550  22.9700  15    5.0 0.065  10   4   
346188. 2018 0625051446.90  36.6920  21.3960  25    5.5 0.067   9   5   
346440. 2018 0704090107.98  41.4150  19.5610  15    5.2 0.063  10   4   
346441. 2018 0704090137.77  41.3660  19.6310  15    5.0 0.107   5   0   
346823. 2018 0713124240.83  34.8910  25.9600  17    5.0 0.070   8   2   
347560. 2018 0811153834.19  41.5560  20.0750  15    5.1 0.063  10   4   
348021. 2018 0831071224.91  39.2810  21.7130  13    5.2 0.061  11   5   
348760. 2018 0927102149.19  36.6720  21.4140  15    5.4 0.067   9   5   
349572. 2018 1025225451.25  37.4430  20.6690  13    6.8 0.067   8   6   
349573. 2018 1025230920.93  37.1740  20.6500  15    5.3 0.093   7   0   
349673. 2018 1026054837.43  37.4120  20.6540  16    5.2 0.067   9   3   
349736. 2018 1026124114.03  37.4230  20.5630  18    5.1 0.070   8   3   
350282. 2018 1030025959.00  37.5610  20.5100  16    5.3 0.064  10   3   
350314. 2018 1030083226.79  37.4810  20.4670  20    5.0 0.066   9   2   
350345. 2018 1030151201.75  37.5100  20.5870  17    5.8 0.064  10   5   
350533. 2018 1101024450.04  37.4320  20.5840  17    5.0 0.070   8   3   
351654. 2018 1111233836.65  37.6770  20.5200  21    5.0 0.070   8   4   
351986. 2018 1115090205.92  37.4870  20.7210  22    5.0 0.067   9   3   
352319. 2018 1119130556.01  37.1810  20.6610  12    5.2 0.067   9   5   
354852. 2018 1219193553.41  36.6070  21.5550  27    5.0 0.067   9   4   
355198. 2018 1225014128.21  37.3190  20.8360  24    5.0 0.065  10   1   
356074. 2019 0110182439.89  34.5280  26.5760  26    5.1 0.064  10   1   
356704. 2019 0120154950.54  35.6100  28.3160  15    5.0 0.070   9   4   
357508. 2019 0205022609.45  38.9800  20.6700  11    5.4 0.063  10   5   
358642. 2019 0220182329.30  39.6200  26.3900  11    5.1 0.066   9   5   
360336. 2019 0320063427.77  37.4220  29.5410  10    5.7 0.070   9   6   
361290. 2019 0330104619.42  38.3270  22.3350  15    5.3 0.066   9   5   
361352. 2019 0331113017.70  37.4640  29.3820  15    5.1 0.070   8   5   
364440. 2019 0601042619.62  40.4730  20.7430  17    5.2 0.064  10   5   
364476. 2019 0601070027.53  40.5520  20.7830  15    5.0 0.064  10   5   
366277. 2019 0719111316.28  38.1100  23.5510  17    5.3 0.063  10   6   
366799. 2019 0803095124.59  35.1530  27.8510  15    5.1 0.066  10   5   
367012. 2019 0808112530.41  37.8930  29.6790  15    5.9 0.078   6   7   
367218. 2019 0811070251.18  34.3060  25.0390  23    5.2 0.079   6   1   
368707. 2019 0921140425.87  41.3280  19.5470  20    5.7 0.060  12   4   
368709. 2019 0921141553.61  41.3130  19.5490  20    5.2 0.062  11   4   
368917. 2019 0924074859.11  34.2380  26.1860  22    5.0 0.076   6   3   
369015. 2019 0926105925.82  40.8430  28.2150  12    5.7 0.070   8   6   
369386. 2019 1003044457.71  36.2530  28.5910  28    5.2 0.067  10   4   
371323. 2019 1126025412.09  41.4230  19.5620  18    6.4 0.064   9   5   
371378. 2019 1126060822.30  41.5310  19.4950  15    5.5 0.062  11   4   
371585. 2019 1127144524.77  41.4980  19.4140  15    5.3 0.062  11   4   
373874. 2020 0119025209.96  38.1770  20.7620  16    5.1 0.065   9   4   
373984. 2020 0122192217.22  39.0680  27.8590  15    5.6 0.072   7   6   
374920. 2020 0128112614.92  39.1060  27.8510  13    5.0 0.067   9   6   
374967. 2020 0128153834.18  35.1290  27.9480  15    5.5 0.070   9   7   
375005. 2020 0128201509.53  41.4170  19.5780  15    5.0 0.093   7   0   
375182. 2020 0130012807.00  35.1630  27.8880  22    5.5 0.070   9   6   
375257. 2020 0130112137.88  35.1800  27.8320  22    5.7 0.063  11   5   
375830. 2020 0204175525.28  38.9760  27.9370  15    5.0 0.064  10   3   
376282. 2020 0210224651.15  35.1620  27.9130  15    5.0 0.063  11   3   
376613. 2020 0218160924.23  39.0810  27.8490  12    5.1 0.070   8   5   
378015. 2020 0321004951.81  39.2870  20.5910  15    5.7 0.072   7   6   
378706. 2020 0411102254.38  34.9930  26.1570  38    5.0 0.063  10   3   
379392. 2020 0502125106.07  34.2110  25.7570  14    6.6 0.068   7   8   
379393. 2020 0502125753.54  34.0574  25.7702   0    5.1 0.250   1   0   
379405. 2020 0502133350.52  34.1410  25.5710  15    5.4 0.083   6   2   
379432. 2020 0502164426.98  34.1190  25.6530  14    5.3 0.063  10   4   
380102. 2020 0518041819.10  34.1900  25.6350  15    5.2 0.066   9   3   
380149. 2020 0518232235.76  34.1690  25.5940  16    5.8 0.068   8   5   
380328. 2020 0520234316.23  35.1080  20.2860  13    5.7 0.068   8   4   
380381. 2020 0522034030.20  34.3850  25.8850  15    5.0 0.067   9   2   
380453. 2020 0523225012.48  34.2260  25.5790  16    5.3 0.063  10   3   
380662. 2020 0527010954.03  34.1610  25.6920  18    5.1 0.066   9   2   
381203. 2020 0603090330.82  34.3500  25.9080  21    5.4 0.079   6   1   
382089. 2020 0619074321.63  34.2560  25.5520  17    5.1 0.063  10   3   
382340. 2020 0626072112.93  38.7650  27.8490  15    5.2 0.070   8   7   
385316. 2020 0926225025.68  39.9430  24.3760  15    5.3 0.060  11   7   
385792. 2020 1012003040.95  35.5480  26.2960  18    5.1 0.063  10   4   
385832. 2020 1012041128.94  35.5810  26.2340  18    5.2 0.063  10   5   
386226. 2020 1021230055.66  37.1910  20.5130  20    5.2 0.074   7   4   
386457. 2020 1030115127.49  37.8530  26.7790  20    7.0 0.073   6   7   
386458. 2020 1030115353.48  37.9081  26.8034   3    5.0 0.225   2   0   
386620. 2020 1030151457.67  37.8210  26.8890  15    5.3 0.063  10   4   
387114. 2020 1031053131.14  37.7850  26.8200  11    5.0 0.064  10   5   
389380. 2020 1111035416.01  41.6290  20.8410  16    5.1 0.062  11   4   
389441. 2020 1111142514.36  41.6230  20.7170  13    5.0 0.063  11   3   
392424. 2021 0112220956.73  38.3560  22.0580   7    5.2 0.069   8   5   
393381. 2021 0201083518.69  38.9380  26.1070  16    5.1 0.063  10   5   
394213. 2021 0217033607.50  38.3160  21.9760  11    5.5 0.069   8   5   
394732. 2021 0303101610.42  39.7310  22.2180   9    6.3 0.064   8   8   
394742. 2021 0303103409.32  39.6920  22.2710  15    5.0 0.075   7   2   
394774. 2021 0303113558.24  39.6660  22.2670  15    5.0 0.067   9   4   
394779. 2021 0303114546.90  39.6800  22.2490  14    5.3 0.069   8   5   
394927. 2021 0303182408.63  39.7170  22.1030  13    5.1 0.072   7   5   
395221. 2021 0304183819.73  39.7780  22.1660  10    6.1 0.069   8   3   
395237. 2021 0304192352.30  39.7950  21.9700  15    5.2 0.077   7   1   
396146. 2021 0312125751.75  39.7900  22.0420  13    5.6 0.066   9   5   
397847. 2021 0413202804.12  36.4060  27.1630  12    5.3 0.067   9   7   
398175. 2021 0417170802.19  36.3600  27.1740  15    5.0 0.063  10   6   
401036. 2021 0621221415.49  36.3340  27.1200  19    5.6 0.070   8   6   
403545. 2021 0801043128.01  36.3670  27.0790  18    5.6 0.063  10   7   
404140. 2021 0803123818.44  36.3150  27.1090  12    5.2 0.070   8   5   
404599. 2021 0807013945.55  36.2220  27.1190  15    5.0 0.065   9   4   
405684. 2021 0831110426.24  39.0023  30.2035   6    5.1 0.073   7   6   
406921. 2021 0927061722.55  35.1920  25.2570  15    6.0 0.063   9   7   
407158. 2021 0928044809.57  35.1280  25.2240  13    5.3 0.063  10   7   
408299. 2021 1012092406.04  35.0440  26.3070  30    6.4 0.065   8   7   
408699. 2021 1019053232.70  34.6180  28.3250  44    5.9 0.068  11   6   
409891. 2021 1108174321.99  37.8740  32.1151  11    5.2 0.073   7   5   
410627. 2021 1130040040.34  37.6410  26.0240  10    5.1 0.067   9   6   
411579. 2021 1226151511.92  35.0610  26.8850  14    5.2 0.064  10   6   
411590. 2021 1226185903.62  35.0880  26.9260  12    5.6 0.063  10   6   
412099. 2022 0109214348.62  40.7817  21.3949  21    5.5 0.061  11   5   
412594. 2022 0116114806.15  39.9846  24.3141  11    5.4 0.060  11   7   
415963. 2022 0422210749.20  43.0641  18.1847  17    5.7 0.071   8   4   
419373. 2022 0812213151.51  33.6441  19.0079  19    5.2 0.074   7   4   
419862. 2022 0831101011.55  37.5643  26.8349  12    5.3 0.067   9   7   
420080. 2022 0903041311.26  35.0103  26.4165  12    5.3 0.067   9   5   
420237. 2022 0908073625.64  37.9864  20.1518  20    5.5 0.070   8   5   
420977. 2022 1002040402.46  34.3730  26.2435  16    5.3 0.063  10   5   
421187. 2022 1008220228.66  38.3145  22.5297  18    5.2 0.066   9   4   
422605. 2022 1129200639.50  38.2566  24.2502   4    5.0 0.064  10   5   
423983. 2023 0107015259.67  39.3608  26.2472  20    5.0 0.067   9   7   
424257. 2023 0110073830.95  39.3721  26.2535   8    5.0 0.067   9   7   
425046. 2023 0123103753.44  35.0308  14.1780  12    5.1 0.081   6   3   
425105. 2023 0124202536.42  34.9144  14.3378  16    5.2 0.081   6   3   
425129. 2023 0125123706.58  35.7995  28.5630  39    5.9 0.070   8   7   
425305. 2023 0130195526.07  34.9386  14.2727  10    5.3 0.081   6   3   
426125. 2023 0314163559.20  35.5300  22.1500  10    5.5 0.100   1   4   
426129. 2023 0518185851.10  34.9900  24.8500  11    5.0 0.100   1   5   
426130. 2023 0608123353.30  38.6000  22.9600  10    5.0 0.100   1   4   
426132. 2023 1103062638.30  38.6900  23.5600  10    5.1 0.100   1   4   
426133. 2023 1204074220.50  40.4400  28.8500  10    5.1 0.100   1   4   
426135. 2024 0127051919.50  37.9800  27.1200  11    5.1 0.100   1   4   
426136. 2024 0314030647.80  42.9500  18.6900  16    5.5 0.100   1   3   
426137. 2024 0329071248.30  37.3200  21.2800  29    5.9 0.100   1   6   
426142. 2024 0706173428.00  37.7400  21.1900   8    5.0 0.100   1   4   
426143. 2024 0721040126.90  34.8700  23.2400  10    5.4 0.100   1   6   
426144. 2024 0807082352.20  34.6800  24.9000  10    5.1 0.100   1   6   
426149. 2024 1103170352.20  40.1300  23.2500   9    5.4 0.100   1   7   
